Some((
    red: 0.6117647,
    green: 0.8117647,
    blue: 0.84705883,
))