Some((
    red: 0.1254902,
    green: 0.1254902,
    blue: 0.1254902,
))